-2.896 -0.301
-2.895 -0.285
-2.929 -0.415
-2.829 -0.334
-2.836 -0.296
-2.846 -0.292
-2.71 -0.346
-2.892 -0.396
-2.765 -0.219
-2.786 -0.31
-2.731 -0.198
-2.966 -0.231
-2.811 -0.439
-2.778 -0.178
-2.832 -0.417
-2.986 -0.382
-2.8 -0.406
-2.808 -0.408
-2.925 -0.431
-2.741 -0.341
-2.706 -0.166
-2.859 -0.394
-2.916 -0.451
-2.938 -0.189
-2.968 -0.271
-2.874 -0.268
-2.813 -0.407
-2.995 -0.233
-2.86 -0.356
-2.894 -0.209
-2.766 -0.194
-2.825 -0.169
-2.833 -0.351
-2.788 -0.37
-2.703 -0.229
-2.782 -0.295
-2.988 -0.4
-2.935 -0.165
-2.883 -0.455
-2.852 -0.404
-2.818 -0.445
-2.827 -0.303
-2.97 -0.444
-2.709 -0.463
-2.978 -0.383
-2.93 -0.264
-2.76 -0.395
-2.923 -0.311
-2.753 -0.187
-2.989 -0.259
-2.781 -0.298
-2.947 -0.256
-2.915 -0.302
-2.752 -0.242
-2.933 -0.352
-2.757 -0.207
-2.733 -0.32
-2.963 -0.458
-2.772 -0.2
-2.942 -0.321
-2.943 -0.313
